0	file:/Users/home/Desktop/text-analytics/abstracts-208/AT-2015-Lawsure%5B94%5D.txt	5.862016084020094E-4	8.074022250538993E-4	9.161610515276837E-4	9.62249855326631E-4	0.5363074124110322	0.001030722054463731	0.002905944584746967	0.431510738512951	4.157821269068948E-4	0.02262721800833704	0.001295663418018465	6.345041432334794E-4
1	file:/Users/home/Desktop/text-analytics/abstracts-208/TE-2017-Burwell%5B35%5D.txt	4.7818528095566434E-4	0.28144309736584255	7.473448102942814E-4	7.84941069461138E-4	0.6217496385284066	8.40796251897915E-4	0.028694025412959945	0.0010179059739234644	3.391681126793641E-4	0.062330391589466655	0.0010569182456835653	5.175873584290125E-4
2	file:/Users/home/Desktop/text-analytics/abstracts-208/TE-2014-Bowers%5B68%5D.txt	7.468787076724111E-4	0.001028710125964947	0.0011672796054758286	0.04234080641065588	0.4777345517821089	0.001313241630479097	0.26409622598090177	0.2071638953198445	5.297474677083188E-4	0.0014194389870692244	0.0016508030775726084	8.084209045465784E-4
3	file:/Users/home/Desktop/text-analytics/abstracts-208/AT-2017-Kent%5B16%5D.txt	3.785401083896384E-4	5.213805649887238E-4	5.916116550635955E-4	0.3757088506306768	0.3393748312098065	6.655895047437643E-4	0.07828322409412375	0.1536192093560681	2.6849160618111815E-4	7.194134502671277E-4	0.0494591263148455	4.0973150484527505E-4
4	file:/Users/home/Desktop/text-analytics/abstracts-208/TE-2016-Sotomayor%5B61%5D.txt	4.0679645187601074E-4	5.602993162780218E-4	6.35772846349596E-4	6.677563168619521E-4	0.17809372635051482	7.152728150459997E-4	0.3229925554769625	8.659416235228129E-4	2.885333161064835E-4	7.731144798513963E-4	0.045686473813042146	0.44831375719358824
5	file:/Users/home/Desktop/text-analytics/abstracts-208/SE-2015-Kim%5B67%5D.txt	4.3263168401255005E-4	0.29432496600225955	0.008614773993410417	7.10164846673877E-4	0.5545809765247326	7.606990697059144E-4	0.07359227564833319	9.209367021603779E-4	3.068577758365515E-4	8.222142002716927E-4	0.06446522337038356	4.682801822198131E-4
6	file:/Users/home/Desktop/text-analytics/abstracts-208/VG-2015-Lenuik%5B105%5D.txt	8.938866013242002E-4	0.0012311908062184586	0.001397034871412474	0.11628462542153992	0.8506089288324811	0.0015717265544290912	0.020833687220010253	0.0019028032600242406	6.340174898620724E-4	0.0016988267022533612	0.001975730111607541	9.67542128837247E-4
7	file:/Users/home/Desktop/text-analytics/abstracts-208/TE-2018-Reardon%5B82%5D.txt	0.00871727122572039	6.205134758325485E-4	0.21563978612429535	7.395186485995071E-4	0.4287022777770727	0.20746107254704543	0.11796790921547823	9.590025028936447E-4	3.195413695309349E-4	8.561994262206463E-4	0.017529271712166176	4.8763597514445324E-4
8	file:/Users/home/Desktop/text-analytics/abstracts-208/SE-2017-Freed%5B61%5D.txt	3.0114462103155717E-4	4.147802285065499E-4	4.706520226347975E-4	4.943288518261522E-4	0.48549659091456854	0.4868075755555268	0.0070187346283810195	0.011692816466911312	0.005739483567099406	5.723237407189092E-4	6.656107103958011E-4	3.259586923991525E-4
9	file:/Users/home/Desktop/text-analytics/abstracts-208/SE-2014-Heath%5B97%5D.txt	5.678763974898225E-4	0.011202474046746428	8.875209996101493E-4	0.09471497676241876	0.5612231886457587	0.021839124660186764	0.0028151020373172846	0.0012088301344194245	4.027843884840051E-4	0.2720073572980327	0.022095783708754785	0.011034980920781229
10	file:/Users/home/Desktop/text-analytics/abstracts-208/TE-2017-Honold%5B80%5D.txt	3.225319210908451E-4	4.442379328326053E-4	5.040777434632841E-4	5.294361017772027E-4	0.34242649810340114	5.671099491574687E-4	0.5283307596632267	6.865689562908612E-4	2.287660187628695E-4	6.129701900291452E-4	7.128824031032696E-4	0.12463416101686449
11	file:/Users/home/Desktop/text-analytics/abstracts-208/AT-2017-Barhak%5B14%5D.txt	5.862016084020094E-4	8.074022250538993E-4	9.161610515276837E-4	0.03323196733819731	0.2673931000537766	0.001030722054463731	0.002905944584746967	0.00124783874134192	0.527487834347128	0.0011140730197565845	0.001295663418018465	0.16198309155758686
12	file:/Users/home/Desktop/text-analytics/abstracts-208/TE-2015-Maraj%5B104%5D.txt	5.451537105458827E-4	0.35086844636985737	8.520082332415217E-4	8.948697369383635E-4	0.47874656266831395	9.58547271925998E-4	0.16275621157264988	0.001160460684950792	3.866676003838406E-4	0.0010360617095455868	0.0012049365096025659	5.900739320443014E-4
13	file:/Users/home/Desktop/text-analytics/abstracts-208/TE-2018-Wismer%5B122%5D.txt	4.037823950310742E-4	5.561479182467632E-4	6.310622460222637E-4	6.628087429873382E-4	0.13972793243157794	0.07480247892870033	0.06868490315242139	8.595256450508819E-4	2.863955004682388E-4	0.03040438858061525	8.924678311746686E-4	0.6820881066277038
14	file:/Users/home/Desktop/text-analytics/abstracts-208/SE-2015-Rutherford%5B39%5D.txt	8.654941137352498E-4	0.032955048147022534	0.5095600786568855	0.049065153876765216	0.3630280960411052	0.001521803861076552	0.03605342937577694	0.0018423645893199034	6.13879215403747E-4	0.0016448669315307076	0.0019129750679702025	9.368101234082556E-4
15	file:/Users/home/Desktop/text-analytics/abstracts-208/AT-2014-Lackey%5B81%5D.txt	0.019388190412776705	0.2743799612809784	8.037660678263608E-4	8.442006797742592E-4	0.36670654325706253	9.042726836692942E-4	0.08748201128151227	0.0010947534134280795	3.647738185979165E-4	9.77398121070563E-4	0.24649746604792133	5.566629353822702E-4
16	file:/Users/home/Desktop/text-analytics/abstracts-208/AT-2016-Long%5B90%5D.txt	4.8241826714064503E-4	6.644566932489297E-4	7.539604473357863E-4	7.918895156709681E-4	0.43250533920929474	0.22215294850370984	0.09091334895334255	0.0010269166693522658	3.4217049270345945E-4	0.24877810782388382	0.0010662742850909082	5.221691392261378E-4
17	file:/Users/home/Desktop/text-analytics/abstracts-208/AT-2018-Turscak%5B19%5D.txt	0.6293608569875414	5.687908602722014E-4	6.454082196906614E-4	6.7787641156364E-4	0.1580597463816607	7.261130399050105E-4	0.0020471515546680993	8.790652900683679E-4	2.929061455501821E-4	0.1902269684806123	9.12756352769212E-4	0.01560236027569823
18	file:/Users/home/Desktop/text-analytics/abstracts-208/AT-2016-Soykan%5B47%5D.txt	0.5453385344198165	4.812657318399758E-4	5.460932671040366E-4	5.735652769668391E-4	0.38379145739913767	6.14379287636935E-4	0.008143774040726802	0.039213615523889155	2.478339585681354E-4	6.640620381502318E-4	0.020007212145935795	3.782069102278882E-4
19	file:/Users/home/Desktop/text-analytics/abstracts-208/VG-2017-Mentor%5B18%5D.txt	3.811878638368005E-4	0.007519677117137098	0.08453154590430594	6.257198233029814E-4	0.3487432889413113	0.5042850218679781	0.0018896413670843448	8.11428998841515E-4	0.021254318644150248	7.244454953252059E-4	0.02882112654354283	4.1259743318360407E-4
20	file:/Users/home/Desktop/text-analytics/abstracts-208/SE-2016-Mondesire%5B103%5D.txt	3.683069726007312E-4	0.46682931752695167	5.756185217961048E-4	6.045758422037592E-4	0.21530952137050557	6.475965163370941E-4	0.2586408194977284	7.840096351328505E-4	2.612334292975074E-4	6.999654304621245E-4	0.05488038008997769	3.986551670064344E-4
21	file:/Users/home/Desktop/text-analytics/abstracts-208/SE-2018-Dauble%5B55%5D.txt	3.4067815047446E-4	0.2505217165968231	5.324380692540554E-4	0.2693656445464526	0.32418415962654157	0.006850328706729318	0.1392176915900398	0.006976508693721232	2.416368088465528E-4	6.474570018645973E-4	7.529904568007234E-4	3.6874975245192903E-4
22	file:/Users/home/Desktop/text-analytics/abstracts-208/TE-2015-Hackett%5B60%5D.txt	5.738561576792657E-4	0.04291055129075683	8.968666296877908E-4	9.419847997525162E-4	0.1564613983627798	0.011539053223721098	0.4135162370982392	0.0012215591619781552	4.070257235030909E-4	0.0010906105567237109	0.0012683766473048658	0.36917248034787375
23	file:/Users/home/Desktop/text-analytics/abstracts-208/TE-2014-Holdzkom%5B68%5D.txt	5.799631922802271E-4	7.988097698553035E-4	9.064111740246528E-4	0.3095729087544576	0.5412420752855533	0.0010197530073142844	0.10929601897619447	0.0012345591167046	4.1135733194477305E-4	0.0011022169433015266	0.03320817476166227	6.277516867070025E-4
24	file:/Users/home/Desktop/text-analytics/abstracts-208/AT-2014-Lackey%5B78%5D.txt	5.344609015099135E-4	0.06938619131248643	8.35296687197008E-4	8.773174924538338E-4	0.2830204227763146	9.397460370955672E-4	0.404742626244127	0.0011376990596368899	3.790833856361124E-4	0.0010157400831944474	0.23655291597609082	5.785000442574327E-4
25	file:/Users/home/Desktop/text-analytics/abstracts-208/TE-2014-Ferrell%5B35%5D.txt	3.303524685133419E-4	4.550095296681656E-4	0.45515428985195405	5.422735292390389E-4	0.3871004756500263	5.808608679383309E-4	0.044070516918196204	7.03216440556378E-4	0.018419832572818446	6.278330985545608E-4	0.0916577658298234	3.57573242711704E-4
26	file:/Users/home/Desktop/text-analytics/abstracts-208/TE-2018-Puskaritz%5B95%5D.txt	0.3703214637411415	5.142367222195297E-4	5.8350552121818E-4	0.007463750540119765	0.2525141001234288	0.03491092440057113	0.33069356890347246	7.947519641320977E-4	2.6481279276112087E-4	7.095562041021063E-4	8.252116336898743E-4	4.041174531433992E-4
27	file:/Users/home/Desktop/text-analytics/abstracts-208/TE-2018-Joe%5B12%5D.txt	4.0985584433156775E-4	0.19610260961211246	6.405543006631721E-4	6.727783091348362E-4	0.2320779872515203	0.00824134818195746	0.3705458604076197	0.015913846142242064	2.907032874678416E-4	7.789288388410862E-4	0.17388190019220012	4.4362763190935024E-4
28	file:/Users/home/Desktop/text-analytics/abstracts-208/TE-2018-Kiehl%5B101%5D.txt	3.683069726007312E-4	5.072860001038451E-4	5.756185217961048E-4	6.045758422037592E-4	0.3302004566742217	6.475965163370941E-4	0.5965553350968935	7.840096351328505E-4	2.612334292975074E-4	6.999654304621245E-4	0.0683969607139443	3.986551670064344E-4
29	file:/Users/home/Desktop/text-analytics/abstracts-208/SE-2018-Aureliano%5B116%5D.txt	8.018233954108883E-4	0.0011043879516465765	0.0012531513980005298	0.001316192987485823	0.3510348128780433	0.001409851227955386	0.033401132023337006	0.5755196321450468	5.687187342533134E-4	0.00152386107208406	0.0017722456340187715	0.03029419055271768
30	file:/Users/home/Desktop/text-analytics/abstracts-208/SE-2018-Daiker%5B55%5D.txt	3.9215994969997816E-4	0.022128089406373928	6.128977927296729E-4	0.007839713704806298	0.2652337106865188	0.007885520563376084	0.0019440326772419488	0.16634239881201876	2.781519116237875E-4	7.452978857919275E-4	0.4542137209583645	0.0723843056514542
31	file:/Users/home/Desktop/text-analytics/abstracts-208/TE-2014-Gardner%5B83%5D.txt	3.893581350994047E-4	5.362807268288937E-4	0.2006565066571479	0.057795699252743096	0.19189301969830316	0.022118323884494084	0.3663032639537217	8.288209351013665E-4	2.7616463554482745E-4	7.399730521372264E-4	8.605863322883042E-4	0.15760200273658997
32	file:/Users/home/Desktop/text-analytics/abstracts-208/TE-2015-Connery%5B60%5D.txt	1.40468506085231E-4	1.934736833499687E-4	2.1953500706417876E-4	0.853397208444196	0.13366769936908596	2.469866767754234E-4	0.005851422075891708	0.005454098616836012	9.963175362613222E-5	2.669596441089073E-4	3.104732264629421E-4	1.520429965176308E-4
33	file:/Users/home/Desktop/text-analytics/abstracts-208/AT-2017-Johnson%5B64%5D.txt	3.978863161970056E-4	5.480269798162165E-4	0.43868543610175553	6.531303304347986E-4	0.4151278812921694	6.996060662329931E-4	0.009273479486649168	0.008148034560464791	0.007583273330813122	0.11757313780191254	8.794359091438155E-4	4.3067182441057413E-4
34	file:/Users/home/Desktop/text-analytics/abstracts-208/VG-2015-Wihl%5B13%5D.txt	6.648706286867343E-4	9.157566565503372E-4	0.0010391110593640307	0.42809553429598834	0.24227701002465654	0.0011690462982875604	0.2594984156906739	0.062415893078426654	4.7158063053916914E-4	0.0012635830718166789	0.0014695431383285624	7.196554266815879E-4
35	file:/Users/home/Desktop/text-analytics/abstracts-208/AT-2016-Barhak%5B63%5D.txt	0.3024967539980164	7.083498152466671E-4	8.037660678263608E-4	8.442006797742592E-4	0.6592520589618104	9.042726836692942E-4	0.002549442205940359	0.0010947534134280795	3.647738185979165E-4	0.029288254479594537	0.001136710940713567	5.566629353822702E-4
36	file:/Users/home/Desktop/text-analytics/abstracts-208/SE-2015-Castello%5B91%5D.txt	0.007224244366004368	5.142367222195297E-4	0.03483796017924999	0.4116663155048951	0.3347247913027051	6.564697425393215E-4	0.03610525884439891	0.007645642895738459	0.013966594655973844	7.095562041021063E-4	0.15154481212902982	4.041174531433992E-4
37	file:/Users/home/Desktop/text-analytics/abstracts-208/SE-2017-Koola%5B46%5D.txt	3.5395422033180686E-4	4.875172994529426E-4	5.531869343993053E-4	5.810158014321889E-4	0.22640377756727925	6.223599798046162E-4	0.021239406141752307	0.7476695867644444	2.510532834572241E-4	6.726881015826497E-4	7.823341464165075E-4	3.83119759646735E-4
38	file:/Users/home/Desktop/text-analytics/abstracts-208/AT-2015-Drucker%5B40%5D.txt	6.266449172879258E-4	8.631066399087924E-4	0.012478060521333071	0.0010286375410078256	0.22834766698530215	0.0011018337843305918	0.0031064319473911176	0.0013339298180850855	0.7478594185636793	0.0011909353118651075	0.0013850540219950533	6.782799478139866E-4
39	file:/Users/home/Desktop/text-analytics/abstracts-208/AT-2016-Carlin%5B57%5D.txt	0.4396571772515154	5.072860001038451E-4	5.756185217961048E-4	6.045758422037592E-4	0.12069345700273935	0.17636314462790295	0.19105791637789538	0.06160862244298257	0.00701952374128081	6.999654304621245E-4	8.140575941112699E-4	3.986551670064344E-4
40	file:/Users/home/Desktop/text-analytics/abstracts-208/TE-2016-Long%5B140%5D.txt	3.893581350994047E-4	5.362807268288937E-4	6.085189009391087E-4	0.007783702313690895	0.12759188077666464	6.846109106145703E-4	0.5020501127882919	0.07227453084803308	2.7616463554482745E-4	7.399730521372264E-4	0.2794988549927219	0.0075660119194333915
41	file:/Users/home/Desktop/text-analytics/abstracts-208/SE-2016-Condotta%5B225%5D.txt	3.586125419292272E-4	4.939334183595875E-4	0.07952528248099944	5.886624356599623E-4	0.472858279726569	6.305507365995943E-4	0.001777729981127787	0.3824266465290385	2.543573461445845E-4	0.01384234374394923	0.04685543913647533	3.881619231476754E-4
42	file:/Users/home/Desktop/text-analytics/abstracts-208/TE-2017-Murphy%5B81%5D.txt	4.1611479001981745E-4	5.731338886218674E-4	6.503362633548695E-4	0.44354467669128095	0.18980879971472267	0.054180474037598625	0.08605378038955588	8.857774328657174E-4	2.951426436776433E-4	0.22222163609347984	9.197257452002319E-4	4.5040230962184176E-4
43	file:/Users/home/Desktop/text-analytics/abstracts-208/AT-2017-Horne%5B23%5D.txt	4.225678620814865E-4	5.820219992417406E-4	6.604216217040541E-4	6.936450844309904E-4	0.3710933403774073	7.430037869433511E-4	0.0020947721277176728	0.047423253713604924	2.997196901893345E-4	0.5745958778548546	9.33988772261747E-4	4.5738710956272707E-4
44	file:/Users/home/Desktop/text-analytics/abstracts-208/SE-2014-Lin%5B39%5D.txt	4.193165001293522E-4	5.775437500575308E-4	0.13145836173076877	6.883079742572664E-4	0.24512931239962937	0.33928628394789173	0.0020786543321974368	8.92592866081799E-4	2.9741355835955716E-4	0.10851704419005292	0.1702013009125389	4.538678380353004E-4
45	file:/Users/home/Desktop/text-analytics/abstracts-208/VG-2015-Santarelli%5B104%5D.txt	0.0313759107348086	3.8898629591952214E-4	0.0056236324899156045	0.08337957040430354	0.42421152744295076	4.965762313345638E-4	0.07395149634990784	6.011776470730795E-4	2.0031347999351494E-4	0.37884090223434175	6.242183859473327E-4	3.0568830350387587E-4
46	file:/Users/home/Desktop/text-analytics/abstracts-208/AT-2018-Barber%5B115%5D.txt	0.007698946127899331	0.27068724001280225	6.218473996160321E-4	6.531303304347986E-4	0.5392458980911089	0.02260278550133997	0.08228407760367241	8.469747487624649E-4	0.06599175182443172	0.008057240626377658	8.794359091438155E-4	4.3067182441057413E-4
47	file:/Users/home/Desktop/text-analytics/abstracts-208/TE-2014-Allison%5B59%5D.txt	5.799631922802271E-4	7.988097698553035E-4	9.064111740246528E-4	0.022236209445013574	0.5093157753622818	0.09679865277712896	0.36470641836236695	0.0012345591167046	4.1135733194477305E-4	0.0011022169433015266	0.0012818748383907088	6.277516867070025E-4
48	file:/Users/home/Desktop/text-analytics/abstracts-208/AT-2014-Allen%5B110%5D.txt	6.730823126956302E-4	9.270669836548565E-4	0.0010519449119986413	0.0011048645188467625	0.46758372075266097	0.0011834849550413846	0.0033366334613082016	0.5078155710522801	4.774050284831008E-4	0.01362998910488361	0.001487693171385717	7.285437467610431E-4
49	file:/Users/home/Desktop/text-analytics/abstracts-208/TE-2017-Grom%5B72%5D.txt	3.3856169564114844E-4	4.663164727982471E-4	5.291303105276962E-4	0.6466532529025204	0.2848953173196513	5.952952047423497E-4	0.0016783330375587107	7.206913015934822E-4	2.4013564597104395E-4	6.434346907799289E-4	0.0628730725147505	3.664589034650703E-4
50	file:/Users/home/Desktop/text-analytics/abstracts-208/SE-2017-Papelis%5B41%5D.txt	0.02601735206774954	9.505470153755567E-4	0.0010785877547895488	0.0011328476682922574	0.32746298296441195	0.0012134593417634646	0.003421141119215511	0.3940410167357216	4.894963718380468E-4	0.0013115876461318413	0.21680676312881786	0.026074218185892898
51	file:/Users/home/Desktop/text-analytics/abstracts-208/TE-2017-Brown%5B62%5D.txt	3.785401083896384E-4	5.213805649887238E-4	5.916116550635955E-4	6.213735331197843E-4	0.346320895600502	0.028449847067525763	0.5922919890055908	0.028590050323549086	2.6849160618111815E-4	7.194134502671277E-4	8.366755799769961E-4	4.0973150484527505E-4
52	file:/Users/home/Desktop/text-analytics/abstracts-208/SE-2014-Banks%5B98%5D.txt	5.344609015099135E-4	0.03996473963073399	8.35296687197008E-4	8.773174924538338E-4	0.2143703688522256	0.04997549884001629	0.13994956110835505	0.050173451862557616	3.790833856361124E-4	0.06966579400728345	0.0011813025220713317	0.43209312470995986
53	file:/Users/home/Desktop/text-analytics/abstracts-208/AT-2018-Schoenbaum%5B131%5D.txt	3.811878638368005E-4	5.250274393896059E-4	5.957497713360378E-4	0.014615019178797966	0.4116951360410387	6.702450701586324E-4	0.008884291044831837	8.11428998841515E-4	0.4199493502757573	0.12662813969478007	0.014831827188047845	4.1259743318360407E-4
54	file:/Users/home/Desktop/text-analytics/abstracts-208/SE-2014-Mook%5B22%5D.txt	7.367811696042556E-4	0.028054100580001337	0.19042658617272645	0.0012094261832404942	0.7416687308061001	0.02833478531840888	0.0036524042569441788	0.0015683752383922162	5.225854678189875E-4	0.0014002486700068694	0.001628484799186061	7.974913375701796E-4
55	file:/Users/home/Desktop/text-analytics/abstracts-208/VG-2018-Renduchintala%5B76%5D.txt	8.519636682397586E-4	0.0011734484374360944	0.06386432796031061	0.032664904977914085	0.09158834669807234	0.7831581816877909	0.0042233920423238504	0.017446765898932803	6.042823167847738E-4	0.0016191523922736329	0.0018830691396910394	9.221647802300151E-4
56	file:/Users/home/Desktop/text-analytics/abstracts-208/TE-2017-Hulme%5B68%5D.txt	3.9215994969997816E-4	5.401397939318623E-4	0.35321607479595	6.437305006589426E-4	0.34438952593213973	0.10143330221729169	0.0882958311270102	8.347851166296017E-4	2.781519116237875E-4	7.452978857919275E-4	0.1088065271592915	4.2447360998065813E-4
57	file:/Users/home/Desktop/text-analytics/abstracts-208/TE-2016-Bair%5B59%5D.txt	4.6197099575071037E-4	6.362937333049639E-4	7.220038757587468E-4	0.0600972473655007	0.34635771358427386	0.2890299079210589	0.2565997689856477	0.03489134631656491	3.2766761542353355E-4	8.779734052230656E-4	0.0010210803088914	0.008977025892601496
58	file:/Users/home/Desktop/text-analytics/abstracts-208/TE-2014-Kent%5B34%5D.txt	6.125576933435497E-4	8.437036635359919E-4	9.573523723089725E-4	0.28201042451431757	0.31313589328331237	0.001077064127957216	0.3177620986240217	0.035024531889609245	0.045395261801947535	0.0011641626181454828	0.001353917463404029	6.630319480963969E-4
59	file:/Users/home/Desktop/text-analytics/abstracts-208/AT-2018-Richardson%5B135%5D.txt	5.241794872063094E-4	7.219763273111746E-4	8.192281005459765E-4	8.60440552362923E-4	0.52765671956534	9.216681602663105E-4	0.30077169406222515	0.07806373788283223	3.717909656811131E-4	9.962003103306213E-4	0.010777068417510985	0.0775152961683873
60	file:/Users/home/Desktop/text-analytics/abstracts-208/AT-2015-Barhak%5B15%5D.txt	0.532561801059617	9.505470153755567E-4	0.013742198979586239	0.0011328476682922574	0.41610826153798874	0.013877070566560153	0.0160847523440122	0.001469068767024232	4.894963718380468E-4	0.0013115876461318413	0.0015253723072741442	7.469957362995203E-4
61	file:/Users/home/Desktop/text-analytics/abstracts-208/VG-2017-Assefa%5B73%5D.txt	5.451537105458827E-4	0.0107542245475825	8.520082332415217E-4	8.948697369383635E-4	0.16864241924212217	9.58547271925998E-4	0.01270581959223449	0.001160460684950792	0.6706117517795726	0.13107973475923893	0.0012049365096025659	5.900739320443014E-4
62	file:/Users/home/Desktop/text-analytics/abstracts-208/TE-2014-Bolton%5B75%5D.txt	0.03244469332112476	0.016604951535164742	6.815607929957074E-4	7.158476922401737E-4	0.2469349700161773	7.667862977006698E-4	0.6983488653141675	9.283061757117989E-4	3.0931329776088184E-4	8.287936815631765E-4	9.638844449539555E-4	4.720274304394009E-4
63	file:/Users/home/Desktop/text-analytics/abstracts-208/AT-2016-Holcomb%5B20%5D.txt	0.41183211187035135	5.32476411307121E-4	0.021885866746144806	0.007728485599668874	0.389160621765294	6.797543573518292E-4	0.03029200398996782	8.229413720471037E-4	0.0783069757921095	7.347237660318217E-4	8.544814290576601E-4	0.05716955690066798
64	file:/Users/home/Desktop/text-analytics/abstracts-208/SE-2016-Campbell%5B17%5D.txt	3.811878638368005E-4	5.250274393896059E-4	5.957497713360378E-4	0.014615019178797966	0.15289309796438152	6.702450701586324E-4	0.008884291044831837	0.04977397674307396	0.7626871844853844	7.244454953252059E-4	8.425278325528613E-4	0.007407247110931096
65	file:/Users/home/Desktop/text-analytics/abstracts-208/SE-2015-Balaban%5B21%5D.txt	0.0012395156834228303	0.0017072415128865884	0.0019372106381716698	0.002034664814892071	0.3606975405154058	0.0021794483901883747	0.006144582062424726	0.002638538803215288	8.791659043599293E-4	0.002355692923175176	0.6168447479862129	0.0013416507656446202
66	file:/Users/home/Desktop/text-analytics/abstracts-208/TE-2017-Parodi%5B71%5D.txt	3.150730876969989E-4	4.339645412345942E-4	0.09299592674428388	5.171924278410303E-4	0.3229446468972851	0.24337569891577038	0.07672099308999888	6.706914473576662E-4	2.2347560405180857E-4	5.98794717079496E-4	0.2203922236938172	0.040811318833582924
67	file:/Users/home/Desktop/text-analytics/abstracts-208/SE-2018-Kaimakis%5B78%5D.txt	3.169052657110204E-4	0.14581371050950845	4.952839727955159E-4	5.201999477857994E-4	0.4527545544625963	0.018002483255957845	0.065536954691015	6.745915777465324E-4	0.052560575207875514	0.2622812771281895	7.004459794617362E-4	3.4301800135671525E-4
68	file:/Users/home/Desktop/text-analytics/abstracts-208/TE-2015-Fautua%5B35%5D.txt	3.0795144069302E-4	4.241555718379806E-4	0.05133839732474181	0.09091813705375222	0.20262928428092256	0.45825543671450614	0.19365343949347608	6.555317021328934E-4	2.1842434950737578E-4	5.852600650593635E-4	6.806556149167011E-4	3.3332638845378254E-4
69	file:/Users/home/Desktop/text-analytics/abstracts-208/VG-2015-Li%5B91%5D.txt	0.4306896107210699	7.50865082221474E-4	8.520082332415217E-4	8.948697369383635E-4	0.2486692949650104	0.30105933123275674	0.0027024601268734647	0.011163820150311818	3.866676003838406E-4	0.0010360617095455868	0.0012049365096025659	5.900739320443014E-4
70	file:/Users/home/Desktop/text-analytics/abstracts-208/AT-2015-Elzie%5B87%5D.txt	0.358264461718942	0.22831486889982133	6.92646108997949E-4	7.274906710610047E-4	0.31600968303872734	7.792577727379001E-4	0.03472619087423109	9.434047075087454E-4	3.143441558803812E-4	0.057768385639504746	9.795616431903676E-4	4.7970476939715966E-4
71	file:/Users/home/Desktop/text-analytics/abstracts-208/TE-2018-Babcock%5B62%5D.txt	7.572568637994111E-4	0.0010430044339791108	0.1401372012457032	0.0012430370322975455	0.23425618688527042	0.0013314896090780076	0.4206150128493779	0.015507331733247516	5.37108504877116E-4	0.0014391626172507081	0.18231355401283797	8.196542122811923E-4
72	file:/Users/home/Desktop/text-analytics/abstracts-208/SE-2018-Watson%5B36%5D.txt	3.169052657110204E-4	4.3648808362003463E-4	0.5820041736763492	5.201999477857994E-4	0.35971313211002776	5.572165648512367E-4	0.0015709768236241192	0.04719530275403082	2.2477513455568853E-4	6.022767615903885E-4	0.006515534876497272	3.4301800135671525E-4
73	file:/Users/home/Desktop/text-analytics/abstracts-208/AT-2014-Drucker%5B40%5D.txt	5.506621822994038E-4	7.58452151732531E-4	8.606172974298197E-4	9.039118925242988E-4	0.4229574007948333	9.682328532027573E-4	0.12398302043219016	0.07190325100904957	0.3540458972656038	0.02125540610814969	0.0012171117156032473	5.960362973814105E-4
74	file:/Users/home/Desktop/text-analytics/abstracts-208/TE-2014-Fabiano%5B92%5D.txt	3.303524685133419E-4	4.550095296681656E-4	0.5339582080413587	5.422735292390389E-4	0.18705976024615287	5.808608679383309E-4	0.25623491204351656	7.03216440556378E-4	0.018419832572818446	6.278330985545608E-4	7.301679189718285E-4	3.57573242711704E-4
75	file:/Users/home/Desktop/text-analytics/abstracts-208/TE-2014-Rosacia%5B68%5D.txt	3.4282123300534694E-4	4.7218332798298337E-4	0.5415305574329945	5.627410043475438E-4	0.25702647898689207	0.02576533221801578	0.17154664383406493	7.297585161269422E-4	2.4315685826309773E-4	6.515299187460116E-4	7.577272463237579E-4	3.710694232369442E-4
76	file:/Users/home/Desktop/text-analytics/abstracts-208/SE-2016-Koola%5B78%5D.txt	3.811878638368005E-4	0.007519677117137098	5.957497713360378E-4	6.257198233029814E-4	0.2438235437750989	6.702450701586324E-4	0.0018896413670843448	0.7422442948400757	2.7036961090777084E-4	7.244454953252059E-4	8.425278325528613E-4	4.1259743318360407E-4
77	file:/Users/home/Desktop/text-analytics/abstracts-208/SE-2017-Bizub%5B59%5D.txt	2.658828887749342E-4	3.6621263559109753E-4	0.024809782469044205	0.663959780140671	0.26276781937796334	4.675035916600744E-4	0.025712286635300813	0.02008137315378348	1.8858589164289394E-4	5.053090072655619E-4	5.876727861628532E-4	2.877914221396801E-4
78	file:/Users/home/Desktop/text-analytics/abstracts-208/VG-2014-Aras%5B58%5D.txt	5.990899166398797E-4	8.251538801146965E-4	9.363038929296516E-4	9.834060114332357E-4	0.30625124497267775	0.001053383649647191	0.0029698350773583494	0.0012752738935132215	4.2492356926148215E-4	0.0011385671805918972	0.0013241500500314272	0.6822186679058013
79	file:/Users/home/Desktop/text-analytics/abstracts-208/VG-2018-Lackey%5B60%5D.txt	3.5626815451509356E-4	4.90704386594015E-4	0.020168951316326063	0.013659579448894224	0.2474960136847062	6.264285851463734E-4	0.11943899620348715	0.4518377864869665	2.5269451483984033E-4	0.14449950429430192	7.87448564101508E-4	3.8562436012107916E-4
80	file:/Users/home/Desktop/text-analytics/abstracts-208/SE-2014-Buttrill%5B50%5D.txt	5.862016084020094E-4	0.0438336922022148	9.161610515276837E-4	9.62249855326631E-4	0.568577129893903	0.001030722054463731	0.03517566206761765	0.00124783874134192	4.157821269068948E-4	0.0011140730197565845	0.3347494107410155	0.011391076637523707
81	file:/Users/home/Desktop/text-analytics/abstracts-208/TE-2014-Croll%5B103%5D.txt	3.63395113254077E-4	0.0205049994576895	5.679418894575242E-4	0.0139328322161999	0.3858102343440092	6.389599624886298E-4	0.27519598175884324	0.04745067099879938	2.577495369011924E-4	6.906304680592341E-4	8.032010621968308E-4	0.2537834031921013
82	file:/Users/home/Desktop/text-analytics/abstracts-208/VG-2018-Swan%5B14%5D.txt	9.566524661425474E-4	0.0013176410959914815	0.05415773700720948	0.22977497437284708	0.5241435236812843	0.14211570632438303	0.004742359989509435	0.037144816569878926	6.785361748968397E-4	0.0018181128924540807	0.002114459575634624	0.0010354798497681698
83	file:/Users/home/Desktop/text-analytics/abstracts-208/TE-2015-Alban%5B44%5D.txt	4.129616030147411E-4	5.687908602722014E-4	6.454082196906614E-4	6.7787641156364E-4	0.21110354478758464	7.261130399050105E-4	0.17633391774556104	0.00845675077662893	2.929061455501821E-4	7.848313165982358E-4	9.12756352769212E-4	0.5990841427408614
84	file:/Users/home/Desktop/text-analytics/abstracts-208/SE-2018-Franklin%5B131%5D.txt	5.862016084020094E-4	0.05459026469650503	9.161610515276837E-4	0.03323196733819731	0.5578205573996127	0.001030722054463731	0.02441908957332742	0.00124783874134192	4.157821269068948E-4	0.0011140730197565845	0.32399283824672526	6.345041432334794E-4
85	file:/Users/home/Desktop/text-analytics/abstracts-208/VG-2015-Schneider%5B62%5D.txt	0.5056582056462691	7.434283016830159E-4	0.020652136419630335	0.0702159902042363	0.3452492373918482	9.490535481321558E-4	0.04229282763072091	0.0011489671535004345	3.8283793490401924E-4	0.0010258002607971717	0.01109728583565963	5.842296726187657E-4
86	file:/Users/home/Desktop/text-analytics/abstracts-208/TE-2014-Kincaid%5B43%5D.txt	4.360936676052965E-4	0.016604951535164742	6.815607929957074E-4	7.158476922401737E-4	0.06288552200844041	7.667862977006698E-4	0.18621127085785605	9.283061757117989E-4	3.0931329776088184E-4	8.287936815631765E-4	0.7211573766491418	0.008474177343819268
87	file:/Users/home/Desktop/text-analytics/abstracts-208/TE-2017-Maxwell%5B41%5D.txt	4.396115047701134E-4	6.05496986059559E-4	0.04102056305499234	7.216222214369383E-4	0.11985970674403902	7.729717333900621E-4	0.7039822367086667	0.009002495406932452	0.024511911024582618	0.008902180175261403	0.08970536930534899	4.7583513451988224E-4
88	file:/Users/home/Desktop/text-analytics/abstracts-208/AT-2017-Kristensen%5B107%5D.txt	0.058054145621079196	4.812657318399758E-4	5.460932671040366E-4	5.735652769668391E-4	0.5633172848513041	6.14379287636935E-4	0.001732137346006574	7.437953555677945E-4	2.478339585681354E-4	0.36612735363720317	0.007183938756495342	3.782069102278882E-4
89	file:/Users/home/Desktop/text-analytics/abstracts-208/VG-2016-Reilly%5B20%5D.txt	0.0012683641604586734	0.001746975836734063	0.0019822972614038682	0.0020820195857699708	0.4854623675860965	0.002230172852715168	0.006287591010914362	0.0026999481319480577	8.996276038299889E-4	0.44461635098958247	0.04935140864686751	0.0013728763336793384
90	file:/Users/home/Desktop/text-analytics/abstracts-208/VG-2016-Reed%5B99%5D.txt	4.396115047701134E-4	6.05496986059559E-4	6.870587400327473E-4	7.216222214369383E-4	0.14405980933301477	0.00883967259638198	0.4700479116819011	9.35794543940534E-4	3.1180843560686444E-4	8.354793122694844E-4	0.3720398995100661	4.7583513451988224E-4
91	file:/Users/home/Desktop/text-analytics/abstracts-208/AT-2018-Surdu%5B35%5D.txt	6.490340441239434E-4	8.939442059702242E-4	0.47739529468449843	0.0010653892894678418	0.4508776230223921	0.0011412007298989895	0.003217420318889614	0.060929206005558005	4.6034802947141074E-4	0.0012334857276033217	0.001434540021669946	7.025139204561953E-4
92	file:/Users/home/Desktop/text-analytics/abstracts-208/AT-2014-Brun%5B97%5D.txt	0.011103894412263327	0.14821093383659745	8.968666296877908E-4	9.419847997525162E-4	0.6092530433098944	0.001009014969137038	0.13973524247905358	0.0012215591619781552	4.070257235030909E-4	0.0010906105567237109	0.08550868268397736	6.211414374315981E-4
93	file:/Users/home/Desktop/text-analytics/abstracts-208/AT-2017-ahin%5B38%5D.txt	3.8387292043602433E-4	5.287256903693648E-4	0.06399522102317057	6.301273433218877E-4	0.04831127322989822	0.3106074209881692	0.44566987571774724	0.02194890291881197	2.722740726623777E-4	0.10638833982843464	8.484625307199424E-4	4.155037362585276E-4
94	file:/Users/home/Desktop/text-analytics/abstracts-208/TE-2014-Buck%5B68%5D.txt	6.057489560802633E-4	0.6010582983967234	0.02317722866103565	9.943368237105867E-4	0.2318484955260706	0.001065092281480286	0.05857913933285919	0.0012894488928218825	4.2964670468451034E-4	0.045612257665540376	0.03468464458256221	6.556621764311156E-4
95	file:/Users/home/Desktop/text-analytics/abstracts-208/VG-2016-Haynes%5B80%5D.txt	4.008126734995139E-4	0.00790681492017077	0.007981178271244574	6.579339455232129E-4	0.16811929673525575	0.037478538173605275	0.0019869263430186694	0.01556271871231845	2.8428913106048626E-4	0.7362374758315708	0.02295017595156224	4.3383931117009473E-4
96	file:/Users/home/Desktop/text-analytics/abstracts-208/AT-2014-Hase%5B52%5D.txt	5.990899166398797E-4	0.05579049367594001	9.363038929296516E-4	9.834060114332357E-4	0.7569670312984453	0.001053383649647191	0.0029698350773583494	0.0012752738935132215	4.2492356926148215E-4	0.11106924677224253	0.0013241500500314272	0.06660686219255774
97	file:/Users/home/Desktop/text-analytics/abstracts-208/VG-2017-Congdon%5B41%5D.txt	0.0015152208105078436	0.1411055581112468	0.002368103859072825	0.0024872347410878843	0.5799459690021959	0.030467937555724453	0.007511319733485886	0.0032254282518831634	0.0010747185307865845	0.0028796690417861137	0.22577876659169563	0.0016400737705269013
98	file:/Users/home/Desktop/text-analytics/abstracts-208/AT-2017-Nisperos%5B66%5D.txt	3.169052657110204E-4	4.3648808362003463E-4	4.952839727955159E-4	5.201999477857994E-4	0.12710957622860633	5.572165648512367E-4	0.0015709768236241192	6.745915777465324E-4	0.6108091093232869	0.029677721246768065	0.22748891296384763	3.4301800135671525E-4
99	file:/Users/home/Desktop/text-analytics/abstracts-208/SE-2018-Burns%5B58%5D.txt	4.292242342671733E-4	0.2998829320592361	6.708247131551718E-4	7.045715184101425E-4	0.43994766353537146	0.11102008633649674	0.12026924647036691	9.13683314007712E-4	3.0444093377717327E-4	8.157383602653013E-4	9.487011473458417E-4	0.02409288737730033
100	file:/Users/home/Desktop/text-analytics/abstracts-208/AT-2018-McCrindle%5B20%5D.txt	4.396115047701134E-4	6.05496986059559E-4	0.057153964780976174	7.216222214369383E-4	0.27312702314088544	7.729717333900621E-4	0.0021792616283698306	9.35794543940534E-4	3.1180843560686444E-4	0.6461715483516229	0.017105061538421725	4.7583513451988224E-4
101	file:/Users/home/Desktop/text-analytics/abstracts-208/SE-2014-Urquiola%5B71%5D.txt	0.010548513175906908	0.44089868155810663	8.520082332415217E-4	8.948697369383635E-4	0.31869281122253756	9.58547271925998E-4	0.22277636836481604	0.001160460684950792	3.866676003838406E-4	0.0010360617095455868	0.0012049365096025659	5.900739320443014E-4
102	file:/Users/home/Desktop/text-analytics/abstracts-208/SE-2015-Gore%5B43%5D.txt	3.8387292043602433E-4	5.287256903693648E-4	5.999461847236811E-4	6.301273433218877E-4	0.2103214200392625	6.749662224288347E-4	0.001902951848619057	8.171446393296755E-4	2.722740726623777E-4	0.12752009810791695	0.03606805966319044	0.6202804132677392
103	file:/Users/home/Desktop/text-analytics/abstracts-208/TE-2015-Pike%5B52%5D.txt	6.901296181561592E-4	9.505470153755567E-4	0.26701442347552007	0.0011328476682922574	0.4667627064371755	0.11518596036493367	0.14272086459197908	0.001469068767024232	4.894963718380468E-4	0.0013115876461318413	0.0015253723072741442	7.469957362995203E-4
104	file:/Users/home/Desktop/text-analytics/abstracts-208/SE-2017-Wallace%5B43%5D.txt	3.658345564620053E-4	5.038806285336303E-4	0.3093661863728094	0.040878051971491886	0.3212709241877782	6.43249251154824E-4	0.23005289400499748	7.787466392652148E-4	0.04724993682290854	6.95266616821415E-4	8.08592888625732E-4	0.04738643605915157
105	file:/Users/home/Desktop/text-analytics/abstracts-208/TE-2014-Friedman%5B44%5D.txt	0.27133658188419973	8.834230584222735E-4	0.0010024220556166074	0.001052850343708546	0.5514952872266659	0.10705197296600041	0.026718265228110147	0.03667339661896242	4.5493002965763E-4	0.0012189683950318544	0.0014176564095489312	6.942457840755954E-4
106	file:/Users/home/Desktop/text-analytics/abstracts-208/TE-2017-Jones%5B122%5D.txt	3.893581350994047E-4	5.362807268288937E-4	6.085189009391087E-4	6.391313223977241E-4	0.17045930672442366	0.022118323884494084	0.5091946837795851	8.288209351013665E-4	2.7616463554482745E-4	7.399730521372264E-4	0.2937879969753083	4.2144092814022085E-4
107	file:/Users/home/Desktop/text-analytics/abstracts-208/SE-2018-Seasly%5B46%5D.txt	5.094782518916884E-4	7.017276450593073E-4	0.30930429617819827	0.010185037091910478	0.4941605039153731	8.95818883755542E-4	0.0025256081626369156	0.07587434778237087	3.613636471619187E-4	9.682606912876795E-4	0.10396209890568497	5.514588446692473E-4
108	file:/Users/home/Desktop/text-analytics/abstracts-208/SE-2016-Hochstetler%5B101%5D.txt	0.04704051227966309	5.005206720856376E-4	0.033908739865463965	0.04727363019220633	0.7592271716752813	6.389599624886298E-4	0.0018014383555904553	0.10746410735561096	2.577495369011924E-4	6.906304680592341E-4	8.032010621968308E-4	3.933385744523333E-4
109	file:/Users/home/Desktop/text-analytics/abstracts-208/AT-2015-Bang%5B41%5D.txt	0.28161746884271854	8.437036635359919E-4	9.573523723089725E-4	0.0010055133649425603	0.5042192328648873	0.001077064127957216	0.02551699102867166	0.0013039425516842456	4.3447601804753004E-4	0.0011641626181454828	0.18119706059900403	6.630319480963969E-4
110	file:/Users/home/Desktop/text-analytics/abstracts-208/SE-2016-Braxton%5B77%5D.txt	4.6993831955325944E-4	6.472674919465325E-4	7.344558234303047E-4	7.71403683513015E-4	0.4385629893703917	8.262955666764229E-4	0.019575971397267616	0.13034814333121367	0.026202877201667092	0.38031330672012625	0.0010386902400865924	5.086608541275709E-4
111	file:/Users/home/Desktop/text-analytics/abstracts-208/VG-2017-Erwin%5B48%5D.txt	3.759288821677788E-4	0.04880482980942403	5.875306294797235E-4	6.170872056546329E-4	0.5232838067423445	6.609981689004499E-4	0.0018635713101562569	8.002342819172451E-4	0.03475738651487401	7.144508288062537E-4	0.38712727051056445	4.069051157106455E-4
112	file:/Users/home/Desktop/text-analytics/abstracts-208/AT-2014-Barhak%5B39%5D.txt	0.3540205712696617	6.472674919465325E-4	7.344558234303047E-4	7.71403683513015E-4	0.13675147343737226	8.262955666764229E-4	0.0023295990582379356	0.009623536958005899	0.49185493035546846	8.931152614733084E-4	0.0010386902400865924	5.086608541275709E-4
113	file:/Users/home/Desktop/text-analytics/abstracts-208/VG-2018-Bucioli%5B85%5D.txt	4.360936676052965E-4	6.006517084050107E-4	6.815607929957074E-4	7.158476922401737E-4	0.32695646914997595	7.667862977006698E-4	0.010163972763499006	9.283061757117989E-4	0.17635661139211792	8.287936815631765E-4	9.638844449539555E-4	0.48060102223323137
114	file:/Users/home/Desktop/text-analytics/abstracts-208/TE-2017-Mastaglio%5B64%5D.txt	6.730823126956302E-4	9.270669836548565E-4	0.0010519449119986413	0.08756046291971216	0.17116452623540823	0.0011834849550413846	0.732033819982888	0.0014327804186399173	4.774050284831008E-4	0.0012791893333314096	0.001487693171385717	7.285437467610431E-4
115	file:/Users/home/Desktop/text-analytics/abstracts-208/VG-2015-Papelis%5B62%5D.txt	0.0672071819686418	7.150981623656599E-4	0.029391993259436536	8.522432585998393E-4	0.48452238322245866	9.128875598622083E-4	0.0025737303762697395	0.3821794473393492	3.682489664624812E-4	9.867096528200826E-4	0.001147540222851829	0.029142536010881976
116	file:/Users/home/Desktop/text-analytics/abstracts-208/SE-2016-Shaffer%5B45%5D.txt	5.620199740265851E-4	7.74095756561974E-4	8.783681296736488E-4	9.225557060001827E-4	0.40074264569399526	9.882033313717343E-4	0.05435031465739892	0.0011963636519356036	0.5366667716901514	0.00106811595303219	0.0012422154939611696	6.083299618913471E-4
117	file:/Users/home/Desktop/text-analytics/abstracts-208/AT-2017-Schultz%5B90%5D.txt	3.5626815451509356E-4	0.026640235036264334	0.12476707391500735	0.49742589646779517	0.20173433504778315	6.264285851463734E-4	0.0017661082799707022	7.583827801534213E-4	2.5269451483984033E-4	0.14449950429430192	7.87448564101508E-4	3.8562436012107916E-4
118	file:/Users/home/Desktop/text-analytics/abstracts-208/TE-2015-McCann%5B17%5D.txt	0.0090931244890681	6.472674919465325E-4	7.344558234303047E-4	7.71403683513015E-4	0.30921519682766907	0.5872029550936856	0.08856146075338633	0.0010003507884910577	3.333186931225698E-4	8.931152614733084E-4	0.0010386902400865924	5.086608541275709E-4
119	file:/Users/home/Desktop/text-analytics/abstracts-208/VG-2017-Maxwell%5B44%5D.txt	4.008126734995139E-4	0.06674487359941095	0.007981178271244574	6.579339455232129E-4	0.3814072594475014	0.19192844220661076	0.34030576374864974	8.53204042508405E-4	2.8428913106048626E-4	0.008116499675973603	8.859039468471698E-4	4.3383931117009473E-4
120	file:/Users/home/Desktop/text-analytics/abstracts-208/TE-2016-Hodges%5B22%5D.txt	0.007175088616468333	5.107377138473038E-4	5.795351888483519E-4	6.086895428441684E-4	0.536575499030466	6.520029415000183E-4	0.4509203991986407	7.893442527490238E-4	2.6301093354160734E-4	7.047281881486712E-4	8.195966663210009E-4	4.013677266248257E-4
121	file:/Users/home/Desktop/text-analytics/abstracts-208/SE-2015-Wheeler%5B60%5D.txt	6.490340441239434E-4	0.024712990918970095	0.001014360424501044	0.0010653892894678418	0.3317823894573928	0.0011412007298989895	0.03894599038838942	0.0013815892230583336	4.6034802947141074E-4	0.0012334857276033217	0.5969107078466667	7.025139204561953E-4
122	file:/Users/home/Desktop/text-analytics/abstracts-208/VG-2018-Hackett%5B19%5D.txt	3.893581350994047E-4	5.362807268288937E-4	6.085189009391087E-4	0.12924140916567478	0.10615816780278513	6.846109106145703E-4	0.00193014339777	8.288209351013665E-4	2.7616463554482745E-4	7.399730521372264E-4	0.6081491205922078	0.1504574317452968
123	file:/Users/home/Desktop/text-analytics/abstracts-208/TE-2014-Ferrell%5B27%5D.txt	3.0795144069302E-4	4.241555718379806E-4	4.8129024499588057E-4	5.055022453150102E-4	0.2817403397383051	5.414729967927658E-4	0.03543132857871094	0.6730995030898846	2.1842434950737578E-4	5.852600650593635E-4	0.006331445290444027	3.3332638845378254E-4
124	file:/Users/home/Desktop/text-analytics/abstracts-208/AT-2018-Horne%5B38%5D.txt	0.06749505888983186	5.038806285336303E-4	0.0072846768726450815	0.13485896603820968	0.39511307095448506	0.007356171684491809	0.0018135312715399723	7.787466392652148E-4	2.5947978954963863E-4	0.3833318453170296	8.08592888625732E-4	3.959790257926712E-4
125	file:/Users/home/Desktop/text-analytics/abstracts-208/AT-2017-Schoenbaum%5B105%5D.txt	3.811878638368005E-4	0.014514326794884591	5.957497713360378E-4	6.257198233029814E-4	0.22283959474185644	0.007664894747906124	0.0018896413670843448	0.014800728354336498	0.7347085857743945	7.244454953252059E-4	8.425278325528613E-4	4.1259743318360407E-4
126	file:/Users/home/Desktop/text-analytics/abstracts-208/TE-2018-Goodwin%5B93%5D.txt	0.026333645685443153	0.006982440165730779	5.531869343993053E-4	5.810158014321889E-4	0.34331238916028034	6.223599798046162E-4	0.6122773869730354	7.534571424932115E-4	2.510532834572241E-4	6.726881015826497E-4	0.007277257012694344	3.83119759646735E-4
127	file:/Users/home/Desktop/text-analytics/abstracts-208/AT-2015-Gore%5B35%5D.txt	0.012864989178836831	9.157566565503372E-4	0.0010391110593640307	0.0010913850407349775	0.3276778398757072	0.013369164848437656	0.05209640033812223	0.0014153003276761765	4.7158063053916914E-4	0.5746691549288712	0.0014695431383285624	0.012919773976831684
128	file:/Users/home/Desktop/text-analytics/abstracts-208/VG-2015-Rusnak%5B99%5D.txt	5.191857043942223E-4	0.010241954771543885	8.114234319018654E-4	0.010379099867778064	0.4749955266132805	0.077127740433288	0.040681156812982636	0.0011051829722202172	3.682489664624812E-4	9.867096528200826E-4	0.001147540222851829	0.3816362305504763
129	file:/Users/home/Desktop/text-analytics/abstracts-208/SE-2015-Norfleet%5B64%5D.txt	7.080628843360387E-4	9.752473212235557E-4	0.0011066152452726815	0.0011622851221303044	0.29699418713379566	0.05321571037544218	0.0684734392715174	0.0015072430469601958	5.022161109990903E-4	0.00134566972253825	0.0015650096549405857	0.5724443141108442
130	file:/Users/home/Desktop/text-analytics/abstracts-208/AT-2016-Schoenbaum%5B80%5D.txt	0.03670946232968061	0.0013411845203406827	0.0015218449767907755	0.0015984035845058341	0.37269812147580683	0.001712143490969719	0.04056281233851318	0.0020727983548193244	0.5367264081560404	0.0018505986759288218	0.0021522404396421627	0.0010539816569615733
131	file:/Users/home/Desktop/text-analytics/abstracts-208/TE-2017-Chambers%5B57%5D.txt	3.44991448930491E-4	4.7517246540890304E-4	0.08283515249180853	0.44369846716050787	0.4548978186430604	0.006937060163363357	0.008040666377534396	7.343782228450016E-4	2.4469615290212713E-4	6.556544024980095E-4	7.625240079550939E-4	3.7341846318579206E-4
132	file:/Users/home/Desktop/text-analytics/abstracts-208/TE-2015-Walker%5B18%5D.txt	3.263953557575694E-4	4.4955921769698314E-4	5.101158169111264E-4	0.10235266028954892	0.19080830137283872	5.739030511549669E-4	0.04354262013741753	6.947929928384985E-4	2.3150628262409527E-4	0.012598769375211994	0.64755808604091	3.5329006708954196E-4
133	file:/Users/home/Desktop/text-analytics/abstracts-208/TE-2018-Dunne%5B100%5D.txt	3.169052657110204E-4	0.18651933278875718	4.952839727955159E-4	0.07030126671221223	0.23178117637524595	5.572165648512367E-4	0.18765382152876128	0.012304769371817603	2.2477513455568853E-4	0.006417365658625925	0.3030850686253096	3.4301800135671525E-4
134	file:/Users/home/Desktop/text-analytics/abstracts-208/AT-2014-Ezell%5B36%5D.txt	6.490340441239434E-4	0.01280346756247016	0.10820007063300045	0.0010653892894678418	0.8319823704303901	0.03686977079939879	0.003217420318889614	0.0013815892230583336	4.6034802947141074E-4	0.0012334857276033217	0.001434540021669946	7.025139204561953E-4
135	file:/Users/home/Desktop/text-analytics/abstracts-208/AT-2016-Kent%5B13%5D.txt	7.468787076724111E-4	0.001028710125964947	0.0011672796054758286	0.001226001290517536	0.12140624074090996	0.001313241630479097	0.31891596614108625	0.5497872713209974	5.297474677083188E-4	0.0014194389870692244	0.0016508030775726084	8.084209045465784E-4
136	file:/Users/home/Desktop/text-analytics/abstracts-208/TE-2016-Raybourn%5B20%5D.txt	5.14286173760721E-4	7.083498152466671E-4	8.037660678263608E-4	8.442006797742592E-4	0.4516391123326345	0.4066932138225129	0.07804505916200428	0.0010947534134280795	3.647738185979165E-4	0.05759911083811851	0.001136710940713567	5.566629353822702E-4
137	file:/Users/home/Desktop/text-analytics/abstracts-208/TE-2017-Babb%5B55%5D.txt	3.7081303474097827E-4	5.107377138473038E-4	5.795351888483519E-4	0.7422747279511258	0.25079592459791705	6.520029415000183E-4	0.0018382108046352491	7.893442527490238E-4	2.6301093354160734E-4	7.047281881486712E-4	8.195966663210009E-4	4.013677266248257E-4
138	file:/Users/home/Desktop/text-analytics/abstracts-208/AT-2017-Long%5B17%5D.txt	5.047593933076879E-4	6.952281457985957E-4	7.888768811158074E-4	0.22311990777480625	0.2117193388185261	8.875216843881029E-4	0.0025022156277959683	0.0010744738960075113	3.5801664669227293E-4	9.59292525801384E-4	0.556844017449777	5.463511559833645E-4
139	file:/Users/home/Desktop/text-analytics/abstracts-208/AT-2015-Harvey%5B76%5D.txt	0.576503616141468	7.58452151732531E-4	8.606172974298197E-4	0.05142610083631101	0.3118085851185025	9.682328532027573E-4	0.03304308033337408	0.0011721864877481758	3.905746590968472E-4	0.0010465305306350038	0.0012171117156032473	0.020804911874896095
140	file:/Users/home/Desktop/text-analytics/abstracts-208/VG-2017-Lytwyn%5B18%5D.txt	4.396115047701134E-4	0.39587383927266356	6.870587400327473E-4	0.10558873344033187	0.4586611429896995	7.729717333900621E-4	0.0021792616283698306	9.35794543940534E-4	3.1180843560686444E-4	0.03310228276423715	9.716598124378901E-4	4.7583513451988224E-4
141	file:/Users/home/Desktop/text-analytics/abstracts-208/TE-2016-Nicholson%5B78%5D.txt	9.242050996299134E-4	0.018231755516235126	0.3236617264742559	0.035434693854831105	0.4554894103940513	0.05250145274118044	0.10633434441941857	0.0019673418014115804	6.555218486517663E-4	0.0017564468460363292	0.002042742157601499	0.0010003588466965395
142	file:/Users/home/Desktop/text-analytics/abstracts-208/AT-2016-Gendron%5B56%5D.txt	4.037823950310742E-4	5.561479182467632E-4	6.310622460222637E-4	6.628087429873382E-4	0.3101406956546699	7.099731795298977E-4	0.031638650277836175	0.07495203139422131	2.863955004682388E-4	0.25268190582812655	0.28985324025293935	0.037483306609921024
143	file:/Users/home/Desktop/text-analytics/abstracts-208/TE-2016-Kovarik%5B79%5D.txt	3.4067815047446E-4	4.6923156261913674E-4	0.006783750195109155	5.592231346833502E-4	0.22416316561285995	0.6257302291663841	0.10170981883490922	7.251965678661318E-4	2.416368088465528E-4	0.019401393379429897	0.019506926834366018	3.6874975245192903E-4
144	file:/Users/home/Desktop/text-analytics/abstracts-208/SE-2015-Alford%5B47%5D.txt	3.062210499455585E-4	0.5679445774455966	4.785858569764248E-4	5.026618091535633E-4	0.23520492875106683	5.384304396235514E-4	0.0015180125558689546	6.518482448011604E-4	2.1719701485825937E-4	0.006201009142148387	6.768309853724813E-4	0.18575969670458817
145	file:/Users/home/Desktop/text-analytics/abstracts-208/SE-2015-Tolk%5B53%5D.txt	6.195212337129359E-4	0.1259010167300548	9.682355298706917E-4	0.001016944015450786	0.5554230832147503	0.0010893081657302286	0.014439092822523493	0.2741501588967793	4.394151304349526E-4	0.023913346219280814	0.0013693087628941542	6.7056927851757E-4
146	file:/Users/home/Desktop/text-analytics/abstracts-208/VG-2015-Santarelli%5B47%5D.txt	6.125576933435497E-4	0.214407436137061	9.573523723089725E-4	0.012245709810917561	0.3243760897292874	0.12471922503368223	0.2503209199481717	0.0013039425516842456	4.3447601804753004E-4	0.0011641626181454828	0.03507450680132903	0.0343836212860214
147	file:/Users/home/Desktop/text-analytics/abstracts-208/SE-2017-Branch%5B154%5D.txt	5.047593933076879E-4	6.952281457985957E-4	7.888768811158074E-4	0.010090701858696748	0.5451563567741757	8.875216843881029E-4	0.0025022156277959683	0.028860892058978318	3.5801664669227293E-4	9.59292525801384E-4	0.40864978724726597	5.463511559833645E-4
148	file:/Users/home/Desktop/text-analytics/abstracts-208/SE-2017-Abrams%5B36%5D.txt	3.5626815451509356E-4	4.90704386594015E-4	5.568033290733233E-4	5.848141240590623E-4	0.6201268254425083	6.264285851463734E-4	0.014840873604805863	0.3537770465507028	2.5269451483984033E-4	6.770857211151508E-4	0.007324831226519089	3.8562436012107916E-4
149	file:/Users/home/Desktop/text-analytics/abstracts-208/AT-2014-Bockelman%5B90%5D.txt	6.814993750209519E-4	9.386601876865001E-4	0.13862284540645073	0.0011186811254352276	0.4359152230755824	0.0011982847298085584	0.2659886006115733	0.0014506976954049157	4.833750975272139E-4	0.10133718275942384	0.001506297145830328	0.050758652790256036
150	file:/Users/home/Desktop/text-analytics/abstracts-208/AT-2016-Chung%5B101%5D.txt	5.990899166398797E-4	8.251538801146965E-4	9.363038929296516E-4	9.834060114332357E-4	0.350223516809338	0.001053383649647191	0.0029698350773583494	0.5949009436884266	4.2492356926148215E-4	0.03411777105808709	0.01231721800919649	6.484544375673542E-4
151	file:/Users/home/Desktop/text-analytics/abstracts-208/TE-2017-Greuel%5B58%5D.txt	5.799631922802271E-4	7.988097698553035E-4	9.064111740246528E-4	9.520094961658701E-4	0.349684275745924	0.27771435234233444	0.3008538185158238	0.06508715896324771	4.1135733194477305E-4	0.0011022169433015266	0.0012818748383907088	6.277516867070025E-4
152	file:/Users/home/Desktop/text-analytics/abstracts-208/AT-2017-Zhang%5B34%5D.txt	4.360936676052965E-4	6.006517084050107E-4	0.09670735975355409	7.158476922401737E-4	0.15090917105561893	7.667862977006698E-4	0.0341704225036386	9.283061757117989E-4	0.016313613124520614	0.6970158361456115	9.638844449539555E-4	4.720274304394009E-4
153	file:/Users/home/Desktop/text-analytics/abstracts-208/VG-2014-Cawrse%5B44%5D.txt	0.0010098328990435957	0.0013908889329782908	0.001578244681342738	0.001657640557585071	0.4050403882407711	0.001775595674676952	0.26442658502178124	0.0021496164385206816	7.162560876103227E-4	0.0019191820205916518	0.15047234358757444	0.16786342585752384
154	file:/Users/home/Desktop/text-analytics/abstracts-208/AT-2018-Tavel%5B38%5D.txt	4.292242342671733E-4	5.911901243995017E-4	0.04792741554497148	7.045715184101425E-4	0.29817789103992254	0.4890728129910272	0.002127769390826155	9.13683314007712E-4	3.0444093377717327E-4	0.15833770779965298	9.487011473458417E-4	4.645919613921781E-4
155	file:/Users/home/Desktop/text-analytics/abstracts-208/TE-2014-Bockelman%5B106%5D.txt	4.360936676052965E-4	6.006517084050107E-4	6.815607929957074E-4	0.4968491423217919	0.1829177707091384	0.07278613551811947	0.16220482111771647	0.08094980530951046	3.0931329776088184E-4	8.287936815631765E-4	9.638844449539555E-4	4.720274304394009E-4
156	file:/Users/home/Desktop/text-analytics/abstracts-208/SE-2015-Nhan%5B55%5D.txt	5.191857043942223E-4	7.150981623656599E-4	8.114234319018654E-4	0.010379099867778064	0.7989086513253402	9.128875598622083E-4	0.031154300203804414	0.13448117550071537	3.682489664624812E-4	9.867096528200826E-4	0.020201253441208277	5.619661833473013E-4
157	file:/Users/home/Desktop/text-analytics/abstracts-208/TE-2018-Klafehn%5B81%5D.txt	0.5313256982400745	5.775437500575308E-4	6.553401426663479E-4	6.883079742572664E-4	0.35284944782512545	7.372868963325514E-4	0.07132731282001635	0.03166977441622354	2.9741355835955716E-4	7.969087645568261E-4	9.268023867593236E-4	0.008148163225570737
158	file:/Users/home/Desktop/text-analytics/abstracts-208/AT-2018-Nisperos%5B49%5D.txt	4.431865581612996E-4	6.104210702336007E-4	6.92646108997949E-4	7.274906710610047E-4	0.21028976083213305	0.008911559480937461	0.0021969840414328362	9.434047075087454E-4	0.7647507047266392	0.008974575390307382	9.795616431903676E-4	4.7970476939715966E-4
159	file:/Users/home/Desktop/text-analytics/abstracts-208/VG-2016-Barger%5B60%5D.txt	3.759288821677788E-4	5.177840039567679E-4	5.875306294797235E-4	6.170872056546329E-4	0.1852744861040736	0.8077444780602818	0.0018635713101562569	8.002342819172451E-4	2.6663951096882513E-4	7.144508288062537E-4	8.309040668263297E-4	4.069051157106455E-4
160	file:/Users/home/Desktop/text-analytics/abstracts-208/TE-2017-Grom%5B56%5D.txt	0.007375837541584293	5.250274393896059E-4	5.957497713360378E-4	0.6930960379203047	0.2578128431305939	6.702450701586324E-4	0.029868240078074315	8.11428998841515E-4	2.7036961090777084E-4	7.244454953252059E-4	0.007837177510300355	4.1259743318360407E-4
161	file:/Users/home/Desktop/text-analytics/abstracts-208/TE-2016-Hill%5B61%5D.txt	4.6592059948369954E-4	6.417337027564119E-4	0.22301420323785018	7.648085966004836E-4	0.674198463252976	8.192311836638178E-4	0.053606457611455195	9.917983268757943E-4	3.304689974344397E-4	8.854796059816202E-4	0.0010298099967652582	0.043251624888157175
162	file:/Users/home/Desktop/text-analytics/abstracts-208/VG-2017-MacAllister%5B140%5D.txt	3.785401083896384E-4	5.213805649887238E-4	5.916116550635955E-4	6.213735331197843E-4	0.262968122912156	6.655895047437643E-4	0.5992380533962863	0.049428243495635585	0.06278307112244062	0.02155760662235363	8.366755799769961E-4	4.0973150484527505E-4
163	file:/Users/home/Desktop/text-analytics/abstracts-208/VG-2015-Nesselrode%5B18%5D.txt	2.46630523255747E-4	0.670124734567791	3.8545318928884996E-4	0.018507142322104694	0.203010842225002	0.01853595038755455	0.07363180117235446	0.0050505733556274164	1.7493053933948123E-4	4.687199896238544E-4	0.009596269050667261	2.6695267739063413E-4
164	file:/Users/home/Desktop/text-analytics/abstracts-208/SE-2014-Carter%5B95%5D.txt	0.7875487344638904	6.154258993259595E-4	6.98325099396651E-4	0.008932433624483331	0.11362618273367961	7.85646890285813E-4	0.002214997065855147	0.02554807448185745	3.1692145678475695E-4	8.491794657275229E-4	0.03378350614068548	0.025080572678027997
165	file:/Users/home/Desktop/text-analytics/abstracts-208/TE-2015-z%5B40%5D.txt	3.658345564620053E-4	5.038806285336303E-4	5.717544393080954E-4	6.005173714699759E-4	0.12659617362100564	6.43249251154824E-4	0.20991412670498652	0.007491669072602201	2.5947978954963863E-4	6.95266616821415E-4	0.6519620689223133	3.959790257926712E-4
166	file:/Users/home/Desktop/text-analytics/abstracts-208/TE-2015-Murphy%5B85%5D.txt	6.648706286867343E-4	9.157566565503372E-4	0.0010391110593640307	0.0010913850407349775	0.23007689147450644	0.0011690462982875604	0.7231029205963775	0.0014153003276761765	4.7158063053916914E-4	0.0012635830718166789	0.03806989878877885	7.196554266815879E-4
167	file:/Users/home/Desktop/text-analytics/abstracts-208/VG-2015-Summers%5B69%5D.txt	5.344609015099135E-4	7.361373883974112E-4	8.35296687197008E-4	0.1675988770223843	0.33205617557923534	0.07939695052176873	0.002649453260177018	0.05998060242314176	3.790833856361124E-4	0.0010157400831944474	0.0011813025220713317	0.35363592022528667
168	file:/Users/home/Desktop/text-analytics/abstracts-208/AT-2018-Axdahl%5B17%5D.txt	4.91113118822758E-4	6.764325092378843E-4	7.675494316473048E-4	0.00981789764913659	0.3321597602504909	8.635273522824206E-4	0.01144630324701128	0.03709236741498785	3.4833759268017886E-4	0.3163441016032567	0.2894610293908448	5.315804396013456E-4
169	file:/Users/home/Desktop/text-analytics/abstracts-208/TE-2016-Sotomayor%5B63%5D.txt	3.978863161970056E-4	5.480269798162165E-4	6.218473996160321E-4	6.531303304347986E-4	0.14498866825918336	6.996060662329931E-4	0.1552946757206957	8.469747487624649E-4	2.8221351911079674E-4	0.051863599496591604	8.794359091438155E-4	0.6429239352542152
170	file:/Users/home/Desktop/text-analytics/abstracts-208/VG-2015-Morabito%5B19%5D.txt	8.137969104319737E-4	0.04591945405553634	0.01620472267515142	0.04613442194593018	0.29654533336237854	0.43448379054396463	0.04883276453481715	0.07639660823851561	5.772113304363734E-4	0.031412332963486764	0.0017987103266698294	8.808531126812958E-4
171	file:/Users/home/Desktop/text-analytics/abstracts-208/VG-2016-Reed%5B126%5D.txt	4.955791470328196E-4	6.825837736873063E-4	7.745292847259003E-4	8.134930981086529E-4	0.12602555187388897	8.713799983788997E-4	0.40257886555019967	0.0010549320407948174	3.5150526516928643E-4	9.418455168833572E-4	0.4648733199862339	5.364144648965106E-4
172	file:/Users/home/Desktop/text-analytics/abstracts-208/TE-2018-Bell%5B58%5D.txt	0.01325769226424635	4.8437134492899356E-4	5.496172129949247E-4	5.772665000411356E-4	0.16686569197239	0.6265604164329597	0.18888063550642825	7.485950752215719E-4	2.4943323384312674E-4	6.683472378250859E-4	7.772857355192519E-4	3.806474836015005E-4
173	file:/Users/home/Desktop/text-analytics/abstracts-208/AT-2015-Bell%5B38%5D.txt	3.4941536859714586E-4	4.812657318399758E-4	0.10313228038262769	5.735652769668391E-4	0.24273545011529266	6.14379287636935E-4	0.13637650793513134	0.019978705439728475	2.478339585681354E-4	0.4943600875316077	7.72302061775114E-4	3.782069102278882E-4
174	file:/Users/home/Desktop/text-analytics/abstracts-208/SE-2018-Gregory%5B76%5D.txt	0.43798059672220613	0.007467444955684225	5.916116550635955E-4	6.213735331197843E-4	0.2699141873028515	6.655895047437643E-4	0.022714708968559757	0.08415856544911308	0.09056732868522263	7.194134502671277E-4	8.366755799769961E-4	0.08376250419319127
175	file:/Users/home/Desktop/text-analytics/abstracts-208/SE-2016-Bakirci%5B36%5D.txt	8.261334439595363E-4	0.15273015886802116	0.0012911450154212186	0.0013560979286590274	0.11912998681523419	0.0014525957425132374	0.004095345310117624	0.0017585781105260436	5.859614090360052E-4	0.0015700621892574679	0.7143097290007362	8.942061665183797E-4
176	file:/Users/home/Desktop/text-analytics/abstracts-208/SE-2014-Barboza%5B79%5D.txt	0.056182042726239466	8.343256790040647E-4	9.46711152971972E-4	9.943368237105867E-4	0.24296375428010245	0.001065092281480286	0.10304017434898653	0.16801833020329948	4.2964670468451034E-4	0.0011512226494130246	0.42371870097367653	6.556621764311156E-4
177	file:/Users/home/Desktop/text-analytics/abstracts-208/AT-2018-Gendron%5B57%5D.txt	3.3647137529765723E-4	4.634373792027672E-4	5.258633967961847E-4	5.523177138396494E-4	0.14730571213366103	5.916197810518487E-4	0.014016209670000617	0.0809797942643149	2.3865301981329127E-4	0.7477079131422832	0.006917811781310049	3.6419634242869587E-4
178	file:/Users/home/Desktop/text-analytics/abstracts-208/VG-2014-Ball%5B69%5D.txt	8.519636682397586E-4	0.1262390753967903	0.04823112459039132	0.001398498238075533	0.48241843094605424	0.017131216561746487	0.0980226122618395	0.0018135625290135275	6.042823167847738E-4	0.06415196587195073	0.0018830691396910394	0.15725419847942276
179	file:/Users/home/Desktop/text-analytics/abstracts-208/TE-2018-Freeman%5B18%5D.txt	5.862016084020094E-4	8.074022250538993E-4	0.39890934334026606	0.022475394843907086	0.5578205573996127	0.001030722054463731	0.002905944584746967	0.00124783874134192	4.157821269068948E-4	0.0011140730197565845	0.012052235912308694	6.345041432334794E-4
180	file:/Users/home/Desktop/text-analytics/abstracts-208/VG-2018-Leathrum%5B78%5D.txt	0.009172218234491538	6.528975490617116E-4	7.408442614191387E-4	0.018174498103224294	0.9033818865445192	8.33482844412892E-4	0.0458408238641567	0.001009052032017875	3.3621796321288964E-4	9.008837497646193E-4	0.018444109569666436	5.130852840527966E-4
181	file:/Users/home/Desktop/text-analytics/abstracts-208/TE-2016-Trammell%5B41%5D.txt	5.397543537226018E-4	0.010647711660360399	0.10979068664772677	8.860066934946208E-4	0.42448350426126724	0.17922615400432504	0.1512399445761721	0.0011489671535004345	3.8283793490401924E-4	0.07035578377153885	0.05071441927036916	5.842296726187657E-4
182	file:/Users/home/Desktop/text-analytics/abstracts-208/SE-2015-Park%5B68%5D.txt	5.925756917890929E-4	0.17479273283592225	0.12053500197556981	9.727129122837433E-4	0.4551506938913795	0.001041929646237434	0.18778762822420533	0.0012614071588913514	4.203031481899787E-4	0.0011261869311233348	0.05567742413851084	6.414034458973619E-4
183	file:/Users/home/Desktop/text-analytics/abstracts-208/SE-2016-Hinton%5B19%5D.txt	0.03004078469469925	5.561479182467632E-4	6.310622460222637E-4	0.008072059317904383	0.19159268645599722	7.099731795298977E-4	0.0020016479781679985	8.595256450508819E-4	0.7412114529921726	7.673862809470807E-4	0.0231202195559258	4.370537353358034E-4
184	file:/Users/home/Desktop/text-analytics/abstracts-208/VG-2016-Hulme%5B93%5D.txt	0.021365136897079275	5.250274393896059E-4	0.4202747304361856	6.257198233029814E-4	0.27879679216383635	6.702450701586324E-4	0.07183613814455926	8.11428998841515E-4	2.7036961090777084E-4	7.244454953252059E-4	0.20368736848723012	4.1259743318360407E-4
185	file:/Users/home/Desktop/text-analytics/abstracts-208/TE-2018-Davis%5B64%5D.txt	3.5395422033180686E-4	0.35770827494473395	5.531869343993053E-4	0.007075938667710026	0.38228192635794733	6.223599798046162E-4	0.24856170646147657	7.534571424932115E-4	2.510532834572241E-4	6.726881015826497E-4	7.823341464165075E-4	3.83119759646735E-4
186	file:/Users/home/Desktop/text-analytics/abstracts-208/SE-2018-Griffith%5B74%5D.txt	0.39465511614812254	5.480269798162165E-4	0.11013774457515091	0.007954190142137125	0.3421172831751461	6.996060662329931E-4	0.1333914962855887	0.008148034560464791	2.8221351911079674E-4	7.561808146753318E-4	8.794359091438155E-4	4.3067182441057413E-4
187	file:/Users/home/Desktop/text-analytics/abstracts-208/TE-2017-Fletcher%5B90%5D.txt	3.8387292043602433E-4	5.287256903693648E-4	5.999461847236811E-4	6.301273433218877E-4	0.2244092588922507	0.02180672450191113	0.2061766152169479	0.07125633890427066	2.722740726623777E-4	0.007773467857517262	0.4657471446793304	4.155037362585276E-4
188	file:/Users/home/Desktop/text-analytics/abstracts-208/AT-2018-Barhak%5B17%5D.txt	0.3827792368564935	8.437036635359919E-4	9.573523723089725E-4	0.0010055133649425603	0.26817510749941237	0.18092020726355723	0.0030365981367216598	0.0013039425516842456	4.3447601804753004E-4	0.1360465199698455	0.02383431035535403	6.630319480963969E-4
189	file:/Users/home/Desktop/text-analytics/abstracts-208/AT-2014-Delaney%5B65%5D.txt	3.18758876917012E-4	0.345536055890853	4.981809392440286E-4	5.232426503120847E-4	0.46125186395243867	0.006409577726156833	0.013278369516843322	0.17030249373221676	2.260898672323637E-4	6.057995397679222E-4	7.045429594024419E-4	3.450243486155565E-4
190	file:/Users/home/Desktop/text-analytics/abstracts-208/AT-2015-Gendron%5B23%5D.txt	0.11160893390797663	6.417337027564119E-4	7.281766208643036E-4	7.648085966004836E-4	0.2980221105165384	8.192311836638178E-4	0.002309682238304613	9.917983268757943E-4	3.304689974344397E-4	0.5822489338350215	0.0010298099967652582	5.043120771983547E-4
191	file:/Users/home/Desktop/text-analytics/abstracts-208/VG-2018-Maxwell%5B60%5D.txt	4.225678620814865E-4	5.820219992417406E-4	6.604216217040541E-4	6.936450844309904E-4	0.33232355727644064	0.00849696040713669	0.39754655975757797	8.995139924448914E-4	0.015807632930576014	8.030879605474517E-4	0.24130664399825527	4.5738710956272707E-4
192	file:/Users/home/Desktop/text-analytics/abstracts-208/VG-2015-Stone%5B83%5D.txt	0.014859099741130031	0.0010577015891058454	0.0012001762814228367	0.0012605528812208865	0.5052894037312765	0.0013502518584958718	0.06017149319110334	0.1284552261391508	5.446769933311407E-4	0.2832828869142239	0.0016973265785748322	8.312041009640427E-4
193	file:/Users/home/Desktop/text-analytics/abstracts-208/TE-2018-Dupre%5B67%5D.txt	2.7528438349873975E-4	3.7916174328721193E-4	0.1772278995979223	0.5055880619828713	0.14577512102648224	4.840343002385901E-4	0.16805959223569408	5.859938179845096E-4	1.9525420066207887E-4	5.231764976768007E-4	6.084526213146782E-4	2.979675923673663E-4
194	file:/Users/home/Desktop/text-analytics/abstracts-208/AT-2015-Denicola%5B57%5D.txt	6.339343326417745E-4	8.731466843093586E-4	9.907614316784564E-4	0.012673052613764222	0.18447411169557745	0.0011146508101825678	0.01477501685864805	0.012981896187836867	4.496380790622827E-4	0.1640590817858533	0.5713911910198678	0.035583518500577845
195	file:/Users/home/Desktop/text-analytics/abstracts-208/TE-2017-Scerbo%5B213%5D.txt	3.244521378077618E-4	0.02426116704419343	0.006460649883450602	5.325881372400288E-4	0.2968365899801102	5.70486278548429E-4	0.1206798100586075	6.906564933716155E-4	2.301279935156482E-4	6.166195516237578E-4	0.10788140599079603	0.4409154464507349
196	file:/Users/home/Desktop/text-analytics/abstracts-208/SE-2016-Norfleet%5B120%5D.txt	3.950023801934485E-4	5.440548031575195E-4	6.173401621678785E-4	6.483963499024712E-4	0.14393776999131372	6.945352230283293E-4	0.05269510821996503	8.408357566116254E-4	2.801679958160192E-4	7.506999097337264E-4	8.730616339351524E-4	0.797723027574175
197	file:/Users/home/Desktop/text-analytics/abstracts-208/SE-2015-Urias%5B81%5D.txt	4.8672686503693053E-4	6.703911217432607E-4	0.009691943733581697	7.989620784939587E-4	0.8293431292994435	8.558149740686322E-4	0.15424406509543298	0.001036088318318746	3.452265027375971E-4	9.250218023224552E-4	0.0010757974467423858	5.268327620779629E-4
198	file:/Users/home/Desktop/text-analytics/abstracts-208/VG-2016-Tucker%5B36%5D.txt	4.0679645187601074E-4	0.030418528719316662	6.35772846349596E-4	6.677563168619521E-4	0.18555828370127447	0.6874545490849348	0.09159127760341298	8.659416235228129E-4	2.885333161064835E-4	7.731144798513963E-4	8.9912970848418E-4	4.403161480085812E-4
199	file:/Users/home/Desktop/text-analytics/abstracts-208/SE-2014-Croll%5B142%5D.txt	0.03553128282816683	0.03577049517983442	0.01262321093018681	0.001040603115255869	0.5450800461493364	0.024379549807199273	0.0031425673601396978	0.30379313365054567	4.496380790622827E-4	0.024469687803753075	0.01303361509146697	6.861700050527837E-4
200	file:/Users/home/Desktop/text-analytics/abstracts-208/TE-2017-Armendariz%5B83%5D.txt	4.7818528095566434E-4	6.586264082149249E-4	7.473448102942814E-4	0.018333970504312864	0.2532200203965203	0.5273116792974497	0.011144995978108219	0.18528271503986657	3.391681126793641E-4	9.087885674856187E-4	0.0010569182456835653	5.175873584290125E-4
201	file:/Users/home/Desktop/text-analytics/abstracts-208/VG-2014-Lenuik%5B45%5D.txt	6.814993750209519E-4	0.063464908215303	0.0010650997456944447	0.0011186811254352276	0.32336797662587274	0.15126127999608815	0.0033783588955840016	0.13900844335616122	4.833750975272139E-4	0.31392642605331994	0.001506297145830328	7.376543681628331E-4
202	file:/Users/home/Desktop/text-analytics/abstracts-208/SE-2017-Cummings%5B47%5D.txt	5.047593933076879E-4	6.952281457985957E-4	0.08414813137002823	0.019352841246353683	0.17467078126789834	8.875216843881029E-4	0.0025022156277959683	0.0010744738960075113	0.009620156034349209	0.621522631498816	0.0011156541903608395	0.08390560564489578
203	file:/Users/home/Desktop/text-analytics/abstracts-208/VG-2016-Morabito%5B16%5D.txt	0.4602415606953094	6.05496986059559E-4	6.870587400327473E-4	7.216222214369383E-4	0.3053938265928531	0.08143998036330924	0.13124647543624052	9.35794543940534E-4	3.1180843560686444E-4	8.354793122694844E-4	0.009038360675429808	0.008542535997511801
204	file:/Users/home/Desktop/text-analytics/abstracts-208/VG-2018-Tracey%5B82%5D.txt	4.5051398953462E-4	6.205134758325485E-4	7.040979834652984E-4	7.395186485995071E-4	0.9577747408929621	0.00905889887858694	0.0022333079088774355	0.017492516975265184	3.195413695309349E-4	0.009122956662406418	9.957572397946356E-4	4.8763597514445324E-4
205	file:/Users/home/Desktop/text-analytics/abstracts-208/AT-2016-Horne%5B43%5D.txt	4.740259334263731E-4	6.528975490617116E-4	7.408442614191387E-4	7.781135010939612E-4	0.3466975792763485	0.009531675145478058	0.037142631563091534	0.001009052032017875	3.3621796321288964E-4	0.6010761525232611	0.0010477249675361051	5.130852840527966E-4
206	file:/Users/home/Desktop/text-analytics/abstracts-208/SE-2017-Gustavson%5B41%5D.txt	3.811878638368005E-4	5.250274393896059E-4	0.46224262850267056	0.021609668856545458	0.5096202315295036	6.702450701586324E-4	0.0018896413670843448	8.11428998841515E-4	2.7036961090777084E-4	7.244454953252059E-4	8.425278325528613E-4	4.1259743318360407E-4
207	file:/Users/home/Desktop/text-analytics/abstracts-208/TE-2016-Seavey%5B125%5D.txt	3.263953557575694E-4	0.5514585696382827	5.101158169111264E-4	0.16224494403091694	0.1548729311280179	5.739030511549669E-4	0.12739181737533276	6.947929928384985E-4	2.3150628262409527E-4	6.203126269383905E-4	7.214216341354475E-4	3.5329006708954196E-4
